I.
Izhodiščna plača za negospodarske dejavnosti za I. tarifni
razred v višini 55.536 SIT znaša od 1. januarja 2007 dalje 231,75 €.
II.
Plačna lestvica, veljavna od
1. januarja 2007


Plačni razred

Osnovna plača (v €)

Osnovna plača 
(v SIT)

Plačni razred

Osnovna plača 
(v €)

Osnovna plača 
(v SIT)


1

439,84

105.403,96

34

1.604,71

384.553,83


2

457,44

109.620,12

35

1.668,90

399.935,98


3

475,73

114.004,93

36

1.735,66

415.933,42


4

494,76

118.565,12

37

1.805,09

432.570,76


5

514,55

123.307,73

38

1.877,29

449.873,59


6

535,14

128.240,04

39

1.952,38

467.868,53


7

556,54

133.369,64

40

2.030,48

486.583,27


8

578,80

138.704,43

41

2.111,70

506.046,60


9

601,96

144.252,60

42

2.196,16

526.288,47


10

626,03

150.022,71

43

2.284,01

547.340,01


11

651,08

156.023,61

44

2.375,37

569.233,61


12

677,12

162.264,56

45

2.470,38

592.002,95


13

704,20

168.755,14

46

2.569,20

615.683,07


14

732,37

175.505,35

47

2.671,97

640.310,39


15

761,67

182.525,56

48

2.778,85

665.922,81


16

792,13

189.826,58

49

2.890,00

692.559,72


17

823,82

197.419,65

50

3.005,60

720.262,11


18

856,77

205.316,43

51

3.125,82

749.072,59


19

891,04

213.529,09

52

3.250,86

779.035,49


20

926,68

222.070,25

53

3.380,89

810.196,91


21

963,75

230.953,06

54

3.516,13

842.604,79


22

1.002,30

240.191,19

55

3.656,77

876.308,98


23

1.042,39

249.798,83

56

3.803,04

911.361,34


24

1.084,09

259.790,79

57

3.955,17

947.815,80


25

1.127,45

270.182,42

58

4.113,37

985.728,43


26

1.172,55

280.989,71

59

4.277,91

1.025.157,56


27

1.219,45

292.229,30

60

4.449,02

1.066.163,87


28

1.268,23

303.918,48

61

4.626,98

1.108.810,42


29

1.318,96

316.074,21

62

4.812,06

1.153.162,84


30

1.371,72

328.718,22

63

5.004,55

1.199.289,35


31

1.426,59

341.866,95

64

5.204,73

1.247.260,93


32

1.483,65

355.541,63

65

5.412,92

1.297.151,36


33

1.542,99

369.763,30
 

III.
Ta sklep se objavi v Uradnem listu Republike Slovenije.
Št. 0100-36/2006/2 
Ljubljana, dne 15. novembra 2006
EVA 2006-3111-0064
dr. Gregor Virant l.r.
Minister
za javno upravo